[48;2;0;0;255m  [48;2;0;0;255m  [48;2;0;0;255m  [48;2;0;0;255m  [48;2;0;0;255m  [48;2;0;0;255m  [48;2;0;0;255m  [48;2;0;0;255m  [48;2;0;0;255m  [48;2;0;0;255m  [48;2;0;0;255m  [48;2;0;0;255m  [48;2;0;0;255m  [48;2;0;0;255m  [48;2;0;0;255m  [48;2;0;0;255m  [48;2;0;0;255m  [48;2;0;0;255m  [48;2;0;0;255m  [48;2;0;0;255m  [48;2;0;0;255m  [48;2;0;0;255m  [48;2;0;0;255m  [48;2;0;0;255m  [48;2;0;0;255m  [48;2;0;0;255m  [48;2;0;0;255m  [48;2;0;0;255m  [48;2;0;0;255m  [48;2;0;0;255m  [0m
[48;2;0;0;255m  [48;2;3;3;255m  [48;2;7;7;255m  [48;2;11;11;255m  [48;2;15;15;255m  [48;2;18;18;255m  [48;2;20;20;255m  [48;2;23;23;255m  [48;2;25;25;255m  [48;2;26;26;255m  [48;2;28;28;255m  [48;2;29;29;255m  [48;2;29;29;255m  [48;2;30;30;255m  [48;2;30;30;255m  [48;2;30;30;255m  [48;2;30;30;255m  [48;2;29;29;255m  [48;2;29;29;255m  [48;2;28;28;255m  [48;2;26;26;255m  [48;2;25;25;255m  [48;2;23;23;255m  [48;2;20;20;255m  [48;2;18;18;255m  [48;2;15;15;255m  [48;2;11;11;255m  [48;2;7;7;255m  [48;2;3;3;255m  [48;2;0;0;255m  [0m
[48;2;0;0;255m  [48;2;7;7;255m  [48;2;15;15;255m  [48;2;22;22;255m  [48;2;29;29;255m  [48;2;35;35;255m  [48;2;41;41;255m  [48;2;45;45;255m  [48;2;49;49;255m  [48;2;53;53;255m  [48;2;55;55;255m  [48;2;57;57;255m  [48;2;58;58;255m  [48;2;59;59;255m  [48;2;60;60;255m  [48;2;60;60;255m  [48;2;59;59;255m  [48;2;58;58;255m  [48;2;57;57;255m  [48;2;55;55;255m  [48;2;53;53;255m  [48;2;49;49;255m  [48;2;45;45;255m  [48;2;41;41;255m  [48;2;35;35;255m  [48;2;29;29;255m  [48;2;22;22;255m  [48;2;15;15;255m  [48;2;7;7;255m  [48;2;0;0;255m  [0m
[48;2;0;0;255m  [48;2;11;11;255m  [48;2;22;22;255m  [48;2;33;33;255m  [48;2;43;43;255m  [48;2;52;52;255m  [48;2;60;60;255m  [48;2;67;67;255m  [48;2;73;73;255m  [48;2;78;78;255m  [48;2;81;81;255m  [48;2;84;84;255m  [48;2;86;86;255m  [48;2;87;87;255m  [48;2;88;88;255m  [48;2;88;88;255m  [48;2;87;87;255m  [48;2;86;86;255m  [48;2;84;84;255m  [48;2;81;81;255m  [48;2;78;78;255m  [48;2;73;73;255m  [48;2;67;67;255m  [48;2;60;60;255m  [48;2;52;52;255m  [48;2;43;43;255m  [48;2;33;33;255m  [48;2;22;22;255m  [48;2;11;11;255m  [48;2;0;0;255m  [0m
[48;2;0;0;255m  [48;2;15;15;255m  [48;2;29;29;255m  [48;2;43;43;255m  [48;2;56;56;255m  [48;2;68;68;255m  [48;2;78;78;255m  [48;2;87;87;255m  [48;2;95;95;255m  [48;2;101;101;255m  [48;2;106;106;255m  [48;2;109;109;255m  [48;2;112;112;255m  [48;2;114;114;255m  [48;2;114;114;255m  [48;2;114;114;255m  [48;2;114;114;255m  [48;2;112;112;255m  [48;2;109;109;255m  [48;2;106;106;255m  [48;2;101;101;255m  [48;2;95;95;255m  [48;2;87;87;255m  [48;2;78;78;255m  [48;2;68;68;255m  [48;2;56;56;255m  [48;2;43;43;255m  [48;2;29;29;255m  [48;2;15;15;255m  [48;2;0;0;255m  [0m
[48;2;0;0;255m  [48;2;18;18;255m  [48;2;35;35;255m  [48;2;52;52;255m  [48;2;68;68;255m  [48;2;82;82;255m  [48;2;95;95;255m  [48;2;105;105;255m  [48;2;114;114;255m  [48;2;122;122;255m  [48;2;128;128;255m  [48;2;132;132;255m  [48;2;135;135;255m  [48;2;137;137;255m  [48;2;138;138;255m  [48;2;138;138;255m  [48;2;137;137;255m  [48;2;135;135;255m  [48;2;132;132;255m  [48;2;128;128;255m  [48;2;122;122;255m  [48;2;114;114;255m  [48;2;105;105;255m  [48;2;95;95;255m  [48;2;82;82;255m  [48;2;68;68;255m  [48;2;52;52;255m  [48;2;35;35;255m  [48;2;18;18;255m  [48;2;0;0;255m  [0m
[48;2;0;0;255m  [48;2;20;20;255m  [48;2;41;41;255m  [48;2;60;60;255m  [48;2;78;78;255m  [48;2;95;95;255m  [48;2;109;109;255m  [48;2;121;121;255m  [48;2;132;132;255m  [48;2;140;140;255m  [48;2;147;147;255m  [48;2;152;152;255m  [48;2;156;156;255m  [48;2;158;158;255m  [48;2;159;159;255m  [48;2;159;159;255m  [48;2;158;158;255m  [48;2;156;156;255m  [48;2;152;152;255m  [48;2;147;147;255m  [48;2;140;140;255m  [48;2;132;132;255m  [48;2;121;121;255m  [48;2;109;109;255m  [48;2;95;95;255m  [48;2;78;78;255m  [48;2;60;60;255m  [48;2;41;41;255m  [48;2;20;20;255m  [48;2;0;0;255m  [0m
[48;2;0;0;255m  [48;2;23;23;255m  [48;2;45;45;255m  [48;2;67;67;255m  [48;2;87;87;255m  [48;2;105;105;255m  [48;2;121;121;255m  [48;2;135;135;255m  [48;2;147;147;255m  [48;2;156;156;255m  [48;2;164;164;255m  [48;2;169;169;255m  [48;2;173;173;255m  [48;2;176;176;255m  [48;2;177;177;255m  [48;2;177;177;255m  [48;2;176;176;255m  [48;2;173;173;255m  [48;2;169;169;255m  [48;2;164;164;255m  [48;2;156;156;255m  [48;2;147;147;255m  [48;2;135;135;255m  [48;2;121;121;255m  [48;2;105;105;255m  [48;2;87;87;255m  [48;2;67;67;255m  [48;2;45;45;255m  [48;2;23;23;255m  [48;2;0;0;255m  [0m
[48;2;0;0;255m  [48;2;25;25;255m  [48;2;49;49;255m  [48;2;73;73;255m  [48;2;95;95;255m  [48;2;114;114;255m  [48;2;132;132;255m  [48;2;147;147;255m  [48;2;159;159;255m  [48;2;170;170;255m  [48;2;178;178;255m  [48;2;184;184;255m  [48;2;188;188;255m  [48;2;191;191;255m  [48;2;192;192;255m  [48;2;192;192;255m  [48;2;191;191;255m  [48;2;188;188;255m  [48;2;184;184;255m  [48;2;178;178;255m  [48;2;170;170;255m  [48;2;159;159;255m  [48;2;147;147;255m  [48;2;132;132;255m  [48;2;114;114;255m  [48;2;95;95;255m  [48;2;73;73;255m  [48;2;49;49;255m  [48;2;25;25;255m  [48;2;0;0;255m  [0m
[48;2;0;0;255m  [48;2;26;26;255m  [48;2;53;53;255m  [48;2;78;78;255m  [48;2;101;101;255m  [48;2;122;122;255m  [48;2;140;140;255m  [48;2;156;156;255m  [48;2;170;170;255m  [48;2;180;180;255m  [48;2;189;189;255m  [48;2;196;196;255m  [48;2;200;200;255m  [48;2;203;203;255m  [48;2;205;205;255m  [48;2;205;205;255m  [48;2;203;203;255m  [48;2;200;200;255m  [48;2;196;196;255m  [48;2;189;189;255m  [48;2;180;180;255m  [48;2;170;170;255m  [48;2;156;156;255m  [48;2;140;140;255m  [48;2;122;122;255m  [48;2;101;101;255m  [48;2;78;78;255m  [48;2;53;53;255m  [48;2;26;26;255m  [48;2;0;0;255m  [0m
[48;2;0;0;255m  [48;2;28;28;255m  [48;2;55;55;255m  [48;2;81;81;255m  [48;2;106;106;255m  [48;2;128;128;255m  [48;2;147;147;255m  [48;2;164;164;255m  [48;2;178;178;255m  [48;2;189;189;255m  [48;2;198;198;255m  [48;2;205;205;255m  [48;2;210;210;255m  [48;2;213;213;255m  [48;2;214;214;255m  [48;2;214;214;255m  [48;2;213;213;255m  [48;2;210;210;255m  [48;2;205;205;255m  [48;2;198;198;255m  [48;2;189;189;255m  [48;2;178;178;255m  [48;2;164;164;255m  [48;2;147;147;255m  [48;2;128;128;255m  [48;2;106;106;255m  [48;2;81;81;255m  [48;2;55;55;255m  [48;2;28;28;255m  [48;2;0;0;255m  [0m
[48;2;0;0;255m  [48;2;29;29;255m  [48;2;57;57;255m  [48;2;84;84;255m  [48;2;109;109;255m  [48;2;132;132;255m  [48;2;152;152;255m  [48;2;169;169;255m  [48;2;184;184;255m  [48;2;196;196;255m  [48;2;205;205;255m  [48;2;212;212;255m  [48;2;217;217;255m  [48;2;220;220;255m  [48;2;222;222;255m  [48;2;222;222;255m  [48;2;220;220;255m  [48;2;217;217;255m  [48;2;212;212;255m  [48;2;205;205;255m  [48;2;196;196;255m  [48;2;184;184;255m  [48;2;169;169;255m  [48;2;152;152;255m  [48;2;132;132;255m  [48;2;109;109;255m  [48;2;84;84;255m  [48;2;57;57;255m  [48;2;29;29;255m  [48;2;0;0;255m  [0m
[48;2;0;0;255m  [48;2;29;29;255m  [48;2;58;58;255m  [48;2;86;86;255m  [48;2;112;112;255m  [48;2;135;135;255m  [48;2;156;156;255m  [48;2;173;173;255m  [48;2;188;188;255m  [48;2;200;200;255m  [48;2;210;210;255m  [48;2;217;217;255m  [48;2;222;222;255m  [48;2;225;225;255m  [48;2;227;227;255m  [48;2;227;227;255m  [48;2;225;225;255m  [48;2;222;222;255m  [48;2;217;217;255m  [48;2;210;210;255m  [48;2;200;200;255m  [48;2;188;188;255m  [48;2;173;173;255m  [48;2;156;156;255m  [48;2;135;135;255m  [48;2;112;112;255m  [48;2;86;86;255m  [48;2;58;58;255m  [48;2;29;29;255m  [48;2;0;0;255m  [0m
[48;2;0;0;255m  [48;2;30;30;255m  [48;2;59;59;255m  [48;2;87;87;255m  [48;2;114;114;255m  [48;2;137;137;255m  [48;2;158;158;255m  [48;2;176;176;255m  [48;2;191;191;255m  [48;2;203;203;255m  [48;2;213;213;255m  [48;2;220;220;255m  [48;2;225;225;255m  [48;2;229;229;255m  [48;2;230;230;255m  [48;2;230;230;255m  [48;2;229;229;255m  [48;2;225;225;255m  [48;2;220;220;255m  [48;2;213;213;255m  [48;2;203;203;255m  [48;2;191;191;255m  [48;2;176;176;255m  [48;2;158;158;255m  [48;2;137;137;255m  [48;2;114;114;255m  [48;2;87;87;255m  [48;2;59;59;255m  [48;2;30;30;255m  [48;2;0;0;255m  [0m
[48;2;0;0;255m  [48;2;30;30;255m  [48;2;60;60;255m  [48;2;88;88;255m  [48;2;114;114;255m  [48;2;138;138;255m  [48;2;159;159;255m  [48;2;177;177;255m  [48;2;192;192;255m  [48;2;205;205;255m  [48;2;214;214;255m  [48;2;222;222;255m  [48;2;227;227;255m  [48;2;230;230;255m  [48;2;232;232;255m  [48;2;232;232;255m  [48;2;230;230;255m  [48;2;227;227;255m  [48;2;222;222;255m  [48;2;214;214;255m  [48;2;205;205;255m  [48;2;192;192;255m  [48;2;177;177;255m  [48;2;159;159;255m  [48;2;138;138;255m  [48;2;114;114;255m  [48;2;88;88;255m  [48;2;60;60;255m  [48;2;30;30;255m  [48;2;0;0;255m  [0m
[48;2;0;0;255m  [48;2;30;30;255m  [48;2;60;60;255m  [48;2;88;88;255m  [48;2;114;114;255m  [48;2;138;138;255m  [48;2;159;159;255m  [48;2;177;177;255m  [48;2;192;192;255m  [48;2;205;205;255m  [48;2;214;214;255m  [48;2;222;222;255m  [48;2;227;227;255m  [48;2;230;230;255m  [48;2;232;232;255m  [48;2;232;232;255m  [48;2;230;230;255m  [48;2;227;227;255m  [48;2;222;222;255m  [48;2;214;214;255m  [48;2;205;205;255m  [48;2;192;192;255m  [48;2;177;177;255m  [48;2;159;159;255m  [48;2;138;138;255m  [48;2;114;114;255m  [48;2;88;88;255m  [48;2;60;60;255m  [48;2;30;30;255m  [48;2;0;0;255m  [0m
[48;2;0;0;255m  [48;2;30;30;255m  [48;2;59;59;255m  [48;2;87;87;255m  [48;2;114;114;255m  [48;2;137;137;255m  [48;2;158;158;255m  [48;2;176;176;255m  [48;2;191;191;255m  [48;2;203;203;255m  [48;2;213;213;255m  [48;2;220;220;255m  [48;2;225;225;255m  [48;2;229;229;255m  [48;2;230;230;255m  [48;2;230;230;255m  [48;2;229;229;255m  [48;2;225;225;255m  [48;2;220;220;255m  [48;2;213;213;255m  [48;2;203;203;255m  [48;2;191;191;255m  [48;2;176;176;255m  [48;2;158;158;255m  [48;2;137;137;255m  [48;2;114;114;255m  [48;2;87;87;255m  [48;2;59;59;255m  [48;2;30;30;255m  [48;2;0;0;255m  [0m
[48;2;0;0;255m  [48;2;29;29;255m  [48;2;58;58;255m  [48;2;86;86;255m  [48;2;112;112;255m  [48;2;135;135;255m  [48;2;156;156;255m  [48;2;173;173;255m  [48;2;188;188;255m  [48;2;200;200;255m  [48;2;210;210;255m  [48;2;217;217;255m  [48;2;222;222;255m  [48;2;225;225;255m  [48;2;227;227;255m  [48;2;227;227;255m  [48;2;225;225;255m  [48;2;222;222;255m  [48;2;217;217;255m  [48;2;210;210;255m  [48;2;200;200;255m  [48;2;188;188;255m  [48;2;173;173;255m  [48;2;156;156;255m  [48;2;135;135;255m  [48;2;112;112;255m  [48;2;86;86;255m  [48;2;58;58;255m  [48;2;29;29;255m  [48;2;0;0;255m  [0m
[48;2;0;0;255m  [48;2;29;29;255m  [48;2;57;57;255m  [48;2;84;84;255m  [48;2;109;109;255m  [48;2;132;132;255m  [48;2;152;152;255m  [48;2;169;169;255m  [48;2;184;184;255m  [48;2;196;196;255m  [48;2;205;205;255m  [48;2;212;212;255m  [48;2;217;217;255m  [48;2;220;220;255m  [48;2;222;222;255m  [48;2;222;222;255m  [48;2;220;220;255m  [48;2;217;217;255m  [48;2;212;212;255m  [48;2;205;205;255m  [48;2;196;196;255m  [48;2;184;184;255m  [48;2;169;169;255m  [48;2;152;152;255m  [48;2;132;132;255m  [48;2;109;109;255m  [48;2;84;84;255m  [48;2;57;57;255m  [48;2;29;29;255m  [48;2;0;0;255m  [0m
[48;2;0;0;255m  [48;2;28;28;255m  [48;2;55;55;255m  [48;2;81;81;255m  [48;2;106;106;255m  [48;2;128;128;255m  [48;2;147;147;255m  [48;2;164;164;255m  [48;2;178;178;255m  [48;2;189;189;255m  [48;2;198;198;255m  [48;2;205;205;255m  [48;2;210;210;255m  [48;2;213;213;255m  [48;2;214;214;255m  [48;2;214;214;255m  [48;2;213;213;255m  [48;2;210;210;255m  [48;2;205;205;255m  [48;2;198;198;255m  [48;2;189;189;255m  [48;2;178;178;255m  [48;2;164;164;255m  [48;2;147;147;255m  [48;2;128;128;255m  [48;2;106;106;255m  [48;2;81;81;255m  [48;2;55;55;255m  [48;2;28;28;255m  [48;2;0;0;255m  [0m
[48;2;0;0;255m  [48;2;26;26;255m  [48;2;53;53;255m  [48;2;78;78;255m  [48;2;101;101;255m  [48;2;122;122;255m  [48;2;140;140;255m  [48;2;156;156;255m  [48;2;170;170;255m  [48;2;180;180;255m  [48;2;189;189;255m  [48;2;196;196;255m  [48;2;200;200;255m  [48;2;203;203;255m  [48;2;205;205;255m  [48;2;205;205;255m  [48;2;203;203;255m  [48;2;200;200;255m  [48;2;196;196;255m  [48;2;189;189;255m  [48;2;180;180;255m  [48;2;170;170;255m  [48;2;156;156;255m  [48;2;140;140;255m  [48;2;122;122;255m  [48;2;101;101;255m  [48;2;78;78;255m  [48;2;53;53;255m  [48;2;26;26;255m  [48;2;0;0;255m  [0m
[48;2;0;0;255m  [48;2;25;25;255m  [48;2;49;49;255m  [48;2;73;73;255m  [48;2;95;95;255m  [48;2;114;114;255m  [48;2;132;132;255m  [48;2;147;147;255m  [48;2;159;159;255m  [48;2;170;170;255m  [48;2;178;178;255m  [48;2;184;184;255m  [48;2;188;188;255m  [48;2;191;191;255m  [48;2;192;192;255m  [48;2;192;192;255m  [48;2;191;191;255m  [48;2;188;188;255m  [48;2;184;184;255m  [48;2;178;178;255m  [48;2;170;170;255m  [48;2;159;159;255m  [48;2;147;147;255m  [48;2;132;132;255m  [48;2;114;114;255m  [48;2;95;95;255m  [48;2;73;73;255m  [48;2;49;49;255m  [48;2;25;25;255m  [48;2;0;0;255m  [0m
[48;2;0;0;255m  [48;2;23;23;255m  [48;2;45;45;255m  [48;2;67;67;255m  [48;2;87;87;255m  [48;2;105;105;255m  [48;2;121;121;255m  [48;2;135;135;255m  [48;2;147;147;255m  [48;2;156;156;255m  [48;2;164;164;255m  [48;2;169;169;255m  [48;2;173;173;255m  [48;2;176;176;255m  [48;2;177;177;255m  [48;2;177;177;255m  [48;2;176;176;255m  [48;2;173;173;255m  [48;2;169;169;255m  [48;2;164;164;255m  [48;2;156;156;255m  [48;2;147;147;255m  [48;2;135;135;255m  [48;2;121;121;255m  [48;2;105;105;255m  [48;2;87;87;255m  [48;2;67;67;255m  [48;2;45;45;255m  [48;2;23;23;255m  [48;2;0;0;255m  [0m
[48;2;0;0;255m  [48;2;20;20;255m  [48;2;41;41;255m  [48;2;60;60;255m  [48;2;78;78;255m  [48;2;95;95;255m  [48;2;109;109;255m  [48;2;121;121;255m  [48;2;132;132;255m  [48;2;140;140;255m  [48;2;147;147;255m  [48;2;152;152;255m  [48;2;156;156;255m  [48;2;158;158;255m  [48;2;159;159;255m  [48;2;159;159;255m  [48;2;158;158;255m  [48;2;156;156;255m  [48;2;152;152;255m  [48;2;147;147;255m  [48;2;140;140;255m  [48;2;132;132;255m  [48;2;121;121;255m  [48;2;109;109;255m  [48;2;95;95;255m  [48;2;78;78;255m  [48;2;60;60;255m  [48;2;41;41;255m  [48;2;20;20;255m  [48;2;0;0;255m  [0m
[48;2;0;0;255m  [48;2;18;18;255m  [48;2;35;35;255m  [48;2;52;52;255m  [48;2;68;68;255m  [48;2;82;82;255m  [48;2;95;95;255m  [48;2;105;105;255m  [48;2;114;114;255m  [48;2;122;122;255m  [48;2;128;128;255m  [48;2;132;132;255m  [48;2;135;135;255m  [48;2;137;137;255m  [48;2;138;138;255m  [48;2;138;138;255m  [48;2;137;137;255m  [48;2;135;135;255m  [48;2;132;132;255m  [48;2;128;128;255m  [48;2;122;122;255m  [48;2;114;114;255m  [48;2;105;105;255m  [48;2;95;95;255m  [48;2;82;82;255m  [48;2;68;68;255m  [48;2;52;52;255m  [48;2;35;35;255m  [48;2;18;18;255m  [48;2;0;0;255m  [0m
[48;2;0;0;255m  [48;2;15;15;255m  [48;2;29;29;255m  [48;2;43;43;255m  [48;2;56;56;255m  [48;2;68;68;255m  [48;2;78;78;255m  [48;2;87;87;255m  [48;2;95;95;255m  [48;2;101;101;255m  [48;2;106;106;255m  [48;2;109;109;255m  [48;2;112;112;255m  [48;2;114;114;255m  [48;2;114;114;255m  [48;2;114;114;255m  [48;2;114;114;255m  [48;2;112;112;255m  [48;2;109;109;255m  [48;2;106;106;255m  [48;2;101;101;255m  [48;2;95;95;255m  [48;2;87;87;255m  [48;2;78;78;255m  [48;2;68;68;255m  [48;2;56;56;255m  [48;2;43;43;255m  [48;2;29;29;255m  [48;2;15;15;255m  [48;2;0;0;255m  [0m
[48;2;0;0;255m  [48;2;11;11;255m  [48;2;22;22;255m  [48;2;33;33;255m  [48;2;43;43;255m  [48;2;52;52;255m  [48;2;60;60;255m  [48;2;67;67;255m  [48;2;73;73;255m  [48;2;78;78;255m  [48;2;81;81;255m  [48;2;84;84;255m  [48;2;86;86;255m  [48;2;87;87;255m  [48;2;88;88;255m  [48;2;88;88;255m  [48;2;87;87;255m  [48;2;86;86;255m  [48;2;84;84;255m  [48;2;81;81;255m  [48;2;78;78;255m  [48;2;73;73;255m  [48;2;67;67;255m  [48;2;60;60;255m  [48;2;52;52;255m  [48;2;43;43;255m  [48;2;33;33;255m  [48;2;22;22;255m  [48;2;11;11;255m  [48;2;0;0;255m  [0m
[48;2;0;0;255m  [48;2;7;7;255m  [48;2;15;15;255m  [48;2;22;22;255m  [48;2;29;29;255m  [48;2;35;35;255m  [48;2;41;41;255m  [48;2;45;45;255m  [48;2;49;49;255m  [48;2;53;53;255m  [48;2;55;55;255m  [48;2;57;57;255m  [48;2;58;58;255m  [48;2;59;59;255m  [48;2;60;60;255m  [48;2;60;60;255m  [48;2;59;59;255m  [48;2;58;58;255m  [48;2;57;57;255m  [48;2;55;55;255m  [48;2;53;53;255m  [48;2;49;49;255m  [48;2;45;45;255m  [48;2;41;41;255m  [48;2;35;35;255m  [48;2;29;29;255m  [48;2;22;22;255m  [48;2;15;15;255m  [48;2;7;7;255m  [48;2;0;0;255m  [0m
[48;2;0;0;255m  [48;2;3;3;255m  [48;2;7;7;255m  [48;2;11;11;255m  [48;2;15;15;255m  [48;2;18;18;255m  [48;2;20;20;255m  [48;2;23;23;255m  [48;2;25;25;255m  [48;2;26;26;255m  [48;2;28;28;255m  [48;2;29;29;255m  [48;2;29;29;255m  [48;2;30;30;255m  [48;2;30;30;255m  [48;2;30;30;255m  [48;2;30;30;255m  [48;2;29;29;255m  [48;2;29;29;255m  [48;2;28;28;255m  [48;2;26;26;255m  [48;2;25;25;255m  [48;2;23;23;255m  [48;2;20;20;255m  [48;2;18;18;255m  [48;2;15;15;255m  [48;2;11;11;255m  [48;2;7;7;255m  [48;2;3;3;255m  [48;2;0;0;255m  [0m
[48;2;0;0;255m  [48;2;0;0;255m  [48;2;0;0;255m  [48;2;0;0;255m  [48;2;0;0;255m  [48;2;0;0;255m  [48;2;0;0;255m  [48;2;0;0;255m  [48;2;0;0;255m  [48;2;0;0;255m  [48;2;0;0;255m  [48;2;0;0;255m  [48;2;0;0;255m  [48;2;0;0;255m  [48;2;0;0;255m  [48;2;0;0;255m  [48;2;0;0;255m  [48;2;0;0;255m  [48;2;0;0;255m  [48;2;0;0;255m  [48;2;0;0;255m  [48;2;0;0;255m  [48;2;0;0;255m  [48;2;0;0;255m  [48;2;0;0;255m  [48;2;0;0;255m  [48;2;0;0;255m  [48;2;0;0;255m  [48;2;0;0;255m  [48;2;0;0;255m  [0m
0.000 0.000 0.000 0.000 0.000 0.000 0.000 0.000 0.000 0.000 0.000 0.000 0.000 0.000 0.000 0.000 0.000 0.000 0.000 0.000 0.000 0.000 0.000 0.000 0.000 0.000 0.000 0.000 0.000 0.000 [0m
0.000 0.016 0.031 0.045 0.059 0.071 0.082 0.091 0.099 0.105 0.110 0.114 0.117 0.119 0.120 0.120 0.119 0.117 0.114 0.110 0.105 0.099 0.091 0.082 0.071 0.059 0.045 0.031 0.016 0.000 [0m
0.000 0.031 0.061 0.090 0.117 0.141 0.162 0.180 0.196 0.208 0.218 0.226 0.231 0.235 0.236 0.236 0.235 0.231 0.226 0.218 0.208 0.196 0.180 0.162 0.141 0.117 0.090 0.061 0.031 0.000 [0m
0.000 0.045 0.090 0.132 0.171 0.207 0.238 0.265 0.288 0.306 0.321 0.332 0.340 0.345 0.347 0.347 0.345 0.340 0.332 0.321 0.306 0.288 0.265 0.238 0.207 0.171 0.132 0.090 0.045 0.000 [0m
0.000 0.059 0.117 0.171 0.222 0.268 0.309 0.344 0.373 0.397 0.416 0.430 0.441 0.447 0.450 0.450 0.447 0.441 0.430 0.416 0.397 0.373 0.344 0.309 0.268 0.222 0.171 0.117 0.059 0.000 [0m
0.000 0.071 0.141 0.207 0.268 0.324 0.373 0.415 0.451 0.479 0.502 0.519 0.532 0.540 0.544 0.544 0.540 0.532 0.519 0.502 0.479 0.451 0.415 0.373 0.324 0.268 0.207 0.141 0.071 0.000 [0m
0.000 0.082 0.162 0.238 0.309 0.373 0.429 0.478 0.519 0.552 0.578 0.598 0.612 0.621 0.626 0.626 0.621 0.612 0.598 0.578 0.552 0.519 0.478 0.429 0.373 0.309 0.238 0.162 0.082 0.000 [0m
0.000 0.091 0.180 0.265 0.344 0.415 0.478 0.532 0.578 0.615 0.644 0.666 0.682 0.692 0.697 0.697 0.692 0.682 0.666 0.644 0.615 0.578 0.532 0.478 0.415 0.344 0.265 0.180 0.091 0.000 [0m
0.000 0.099 0.196 0.288 0.373 0.451 0.519 0.578 0.627 0.667 0.699 0.723 0.740 0.751 0.756 0.756 0.751 0.740 0.723 0.699 0.667 0.627 0.578 0.519 0.451 0.373 0.288 0.196 0.099 0.000 [0m
0.000 0.105 0.208 0.306 0.397 0.479 0.552 0.615 0.667 0.710 0.743 0.769 0.787 0.799 0.805 0.805 0.799 0.787 0.769 0.743 0.710 0.667 0.615 0.552 0.479 0.397 0.306 0.208 0.105 0.000 [0m
0.000 0.110 0.218 0.321 0.416 0.502 0.578 0.644 0.699 0.743 0.779 0.805 0.825 0.837 0.843 0.843 0.837 0.825 0.805 0.779 0.743 0.699 0.644 0.578 0.502 0.416 0.321 0.218 0.110 0.000 [0m
0.000 0.114 0.226 0.332 0.430 0.519 0.598 0.666 0.723 0.769 0.805 0.833 0.853 0.865 0.872 0.872 0.865 0.853 0.833 0.805 0.769 0.723 0.666 0.598 0.519 0.430 0.332 0.226 0.114 0.000 [0m
0.000 0.117 0.231 0.340 0.441 0.532 0.612 0.682 0.740 0.787 0.825 0.853 0.873 0.886 0.892 0.892 0.886 0.873 0.853 0.825 0.787 0.740 0.682 0.612 0.532 0.441 0.340 0.231 0.117 0.000 [0m
0.000 0.119 0.235 0.345 0.447 0.540 0.621 0.692 0.751 0.799 0.837 0.865 0.886 0.899 0.905 0.905 0.899 0.886 0.865 0.837 0.799 0.751 0.692 0.621 0.540 0.447 0.345 0.235 0.119 0.000 [0m
0.000 0.120 0.236 0.347 0.450 0.544 0.626 0.697 0.756 0.805 0.843 0.872 0.892 0.905 0.912 0.912 0.905 0.892 0.872 0.843 0.805 0.756 0.697 0.626 0.544 0.450 0.347 0.236 0.120 0.000 [0m
0.000 0.120 0.236 0.347 0.450 0.544 0.626 0.697 0.756 0.805 0.843 0.872 0.892 0.905 0.912 0.912 0.905 0.892 0.872 0.843 0.805 0.756 0.697 0.626 0.544 0.450 0.347 0.236 0.120 0.000 [0m
0.000 0.119 0.235 0.345 0.447 0.540 0.621 0.692 0.751 0.799 0.837 0.865 0.886 0.899 0.905 0.905 0.899 0.886 0.865 0.837 0.799 0.751 0.692 0.621 0.540 0.447 0.345 0.235 0.119 0.000 [0m
0.000 0.117 0.231 0.340 0.441 0.532 0.612 0.682 0.740 0.787 0.825 0.853 0.873 0.886 0.892 0.892 0.886 0.873 0.853 0.825 0.787 0.740 0.682 0.612 0.532 0.441 0.340 0.231 0.117 0.000 [0m
0.000 0.114 0.226 0.332 0.430 0.519 0.598 0.666 0.723 0.769 0.805 0.833 0.853 0.865 0.872 0.872 0.865 0.853 0.833 0.805 0.769 0.723 0.666 0.598 0.519 0.430 0.332 0.226 0.114 0.000 [0m
0.000 0.110 0.218 0.321 0.416 0.502 0.578 0.644 0.699 0.743 0.779 0.805 0.825 0.837 0.843 0.843 0.837 0.825 0.805 0.779 0.743 0.699 0.644 0.578 0.502 0.416 0.321 0.218 0.110 0.000 [0m
0.000 0.105 0.208 0.306 0.397 0.479 0.552 0.615 0.667 0.710 0.743 0.769 0.787 0.799 0.805 0.805 0.799 0.787 0.769 0.743 0.710 0.667 0.615 0.552 0.479 0.397 0.306 0.208 0.105 0.000 [0m
0.000 0.099 0.196 0.288 0.373 0.451 0.519 0.578 0.627 0.667 0.699 0.723 0.740 0.751 0.756 0.756 0.751 0.740 0.723 0.699 0.667 0.627 0.578 0.519 0.451 0.373 0.288 0.196 0.099 0.000 [0m
0.000 0.091 0.180 0.265 0.344 0.415 0.478 0.532 0.578 0.615 0.644 0.666 0.682 0.692 0.697 0.697 0.692 0.682 0.666 0.644 0.615 0.578 0.532 0.478 0.415 0.344 0.265 0.180 0.091 0.000 [0m
0.000 0.082 0.162 0.238 0.309 0.373 0.429 0.478 0.519 0.552 0.578 0.598 0.612 0.621 0.626 0.626 0.621 0.612 0.598 0.578 0.552 0.519 0.478 0.429 0.373 0.309 0.238 0.162 0.082 0.000 [0m
0.000 0.071 0.141 0.207 0.268 0.324 0.373 0.415 0.451 0.479 0.502 0.519 0.532 0.540 0.544 0.544 0.540 0.532 0.519 0.502 0.479 0.451 0.415 0.373 0.324 0.268 0.207 0.141 0.071 0.000 [0m
0.000 0.059 0.117 0.171 0.222 0.268 0.309 0.344 0.373 0.397 0.416 0.430 0.441 0.447 0.450 0.450 0.447 0.441 0.430 0.416 0.397 0.373 0.344 0.309 0.268 0.222 0.171 0.117 0.059 0.000 [0m
0.000 0.045 0.090 0.132 0.171 0.207 0.238 0.265 0.288 0.306 0.321 0.332 0.340 0.345 0.347 0.347 0.345 0.340 0.332 0.321 0.306 0.288 0.265 0.238 0.207 0.171 0.132 0.090 0.045 0.000 [0m
0.000 0.031 0.061 0.090 0.117 0.141 0.162 0.180 0.196 0.208 0.218 0.226 0.231 0.235 0.236 0.236 0.235 0.231 0.226 0.218 0.208 0.196 0.180 0.162 0.141 0.117 0.090 0.061 0.031 0.000 [0m
0.000 0.016 0.031 0.045 0.059 0.071 0.082 0.091 0.099 0.105 0.110 0.114 0.117 0.119 0.120 0.120 0.119 0.117 0.114 0.110 0.105 0.099 0.091 0.082 0.071 0.059 0.045 0.031 0.016 0.000 [0m
0.000 0.000 0.000 0.000 0.000 0.000 0.000 0.000 0.000 0.000 0.000 0.000 0.000 0.000 0.000 0.000 0.000 0.000 0.000 0.000 0.000 0.000 0.000 0.000 0.000 0.000 0.000 0.000 0.000 0.000 [0m
[0m
time : 0 sec + 000136 usec
